# 3ds Max Wavefront OBJ Exporter v0.99 - (c)2007 guruware
# File Created: 26.04.2022 05:19:03

mtllib squid.mtl

#
# object Squid
#

v -6.0000 0.1282 6.0000
v -6.0000 0.1282 -6.0000
v 6.0000 0.1282 -6.0000
v 6.0000 0.1282 6.0000
v -6.0000 16.1282 6.0000
v 6.0000 16.1282 6.0000
v 6.0000 16.1282 -6.0000
v -6.0000 16.1282 -6.0000
v -9.2603 -15.4442 7.8461
v -7.9314 -16.1282 6.5172
v -6.5172 -16.1282 7.9314
v -7.8461 -15.4442 9.2603
v -4.9071 1.4703 3.4929
v -3.4929 1.4703 4.9071
v -2.1640 0.7862 3.5782
v -3.5782 0.7862 2.1640
v -1.0000 -15.4442 12.0961
v -1.0000 -16.1282 10.2167
v 1.0000 -16.1282 10.2167
v 1.0000 -15.4442 12.0961
v -1.0000 1.4703 5.9397
v 1.0000 1.4703 5.9397
v 1.0000 0.7862 4.0603
v -1.0000 0.7862 4.0603
v 9.2603 -15.4442 7.8461
v 7.8461 -15.4442 9.2603
v 6.5172 -16.1282 7.9314
v 7.9314 -16.1282 6.5172
v 4.9071 1.4703 3.4929
v 3.5782 0.7862 2.1640
v 2.1640 0.7862 3.5782
v 3.4929 1.4703 4.9071
v -12.0961 -15.4442 -1.0000
v -10.2167 -16.1282 -1.0000
v -10.2167 -16.1282 1.0000
v -12.0961 -15.4442 1.0000
v -5.9397 1.4703 -1.0000
v -5.9397 1.4703 1.0000
v -4.0603 0.7862 1.0000
v -4.0603 0.7862 -1.0000
v -7.8461 -15.4442 -9.2603
v -6.5172 -16.1282 -7.9314
v -7.9314 -16.1282 -6.5172
v -9.2603 -15.4442 -7.8461
v -3.4929 1.4703 -4.9071
v -4.9071 1.4703 -3.4929
v -3.5782 0.7862 -2.1640
v -2.1640 0.7862 -3.5782
v -1.0000 -15.4442 -12.0961
v 1.0000 -15.4442 -12.0961
v 1.0000 -16.1282 -10.2167
v -1.0000 -16.1282 -10.2167
v -1.0000 1.4703 -5.9397
v -1.0000 0.7862 -4.0603
v 1.0000 0.7862 -4.0603
v 1.0000 1.4703 -5.9397
v 7.8461 -15.4442 -9.2603
v 9.2603 -15.4442 -7.8461
v 7.9314 -16.1282 -6.5172
v 6.5172 -16.1282 -7.9314
v 3.4929 1.4703 -4.9071
v 2.1640 0.7862 -3.5782
v 3.5782 0.7862 -2.1640
v 4.9071 1.4703 -3.4929
v 12.0961 -15.4442 -1.0000
v 12.0961 -15.4442 1.0000
v 10.2167 -16.1282 1.0000
v 10.2167 -16.1282 -1.0000
v 5.9397 1.4703 -1.0000
v 4.0603 0.7862 -1.0000
v 4.0603 0.7862 1.0000
v 5.9397 1.4703 1.0000
# 72 vertices

vn 0.0000 -1.0000 -0.0000
vn 0.0000 1.0000 -0.0000
vn 0.0000 0.0000 1.0000
vn 1.0000 0.0000 -0.0000
vn 0.0000 0.0000 -1.0000
vn -1.0000 0.0000 -0.0000
vn -0.2418 -0.9397 0.2418
vn 0.2418 0.9397 -0.2418
vn -0.6645 0.3420 0.6645
vn 0.7071 -0.0000 0.7071
vn 0.6645 -0.3420 -0.6645
vn -0.7071 0.0000 -0.7071
vn 0.0000 -0.9397 0.3420
vn 0.0000 0.9397 -0.3420
vn 0.0000 0.3420 0.9397
vn 0.0000 -0.3420 -0.9397
vn 0.2418 -0.9397 0.2418
vn -0.2418 0.9397 -0.2418
vn 0.6645 0.3420 0.6645
vn -0.7071 -0.0000 0.7071
vn -0.6645 -0.3420 -0.6645
vn 0.7071 0.0000 -0.7071
vn -0.3420 -0.9397 -0.0000
vn 0.3420 0.9397 -0.0000
vn -0.9397 0.3420 -0.0000
vn -0.0000 -0.0000 1.0000
vn 0.9397 -0.3420 -0.0000
vn -0.2418 -0.9397 -0.2418
vn 0.2418 0.9397 0.2418
vn -0.6645 0.3420 -0.6645
vn -0.7071 0.0000 0.7071
vn 0.6645 -0.3420 0.6645
vn 0.7071 -0.0000 -0.7071
vn 0.0000 -0.9397 -0.3420
vn 0.0000 0.9397 0.3420
vn 0.0000 0.3420 -0.9397
vn 1.0000 -0.0000 0.0000
vn 0.0000 -0.3420 0.9397
vn 0.2418 -0.9397 -0.2418
vn -0.2418 0.9397 0.2418
vn 0.6645 0.3420 -0.6645
vn -0.6645 -0.3420 0.6645
vn 0.3420 -0.9397 -0.0000
vn -0.3420 0.9397 -0.0000
vn 0.9397 0.3420 -0.0000
vn -0.0000 0.0000 1.0000
vn -0.9397 -0.3420 -0.0000
vn 0.0000 -0.0000 -1.0000
# 48 vertex normals

vt 0.3750 0.8125 0.0000
vt 0.3750 1.0000 0.0000
vt 0.5625 1.0000 0.0000
vt 0.5625 0.8125 0.0000
vt 0.1875 0.8125 0.0000
vt 0.1875 1.0000 0.0000
vt 0.1875 0.5625 0.0000
vt 0.3750 0.5625 0.0000
vt 0.5625 0.5625 0.0000
vt 0.7500 0.5625 0.0000
vt 0.7500 0.8125 0.0000
vt 0.0000 0.5625 0.0000
vt 0.0000 0.8125 0.0000
vt 0.8125 0.9625 0.0000
vt 0.8125 1.0000 0.0000
vt 0.8437 1.0000 0.0000
vt 0.8437 0.9625 0.0000
vt 0.7814 0.9625 0.0000
vt 0.7814 1.0000 0.0000
vt 0.7814 0.6875 0.0000
vt 0.8125 0.6875 0.0000
vt 0.8437 0.6875 0.0000
vt 0.8750 0.6875 0.0000
vt 0.8750 0.9625 0.0000
vt 0.7500 0.6875 0.0000
vt 0.7500 0.9625 0.0000
# 26 texture coords

o Squid
g Squid
usemtl 02___Default
s off
f 1/1/1 2/2/1 3/3/1 4/4/1 
f 5/5/2 6/1/2 7/2/2 8/6/2 
f 1/7/3 4/8/3 6/1/3 5/5/3 
f 4/8/4 3/9/4 7/4/4 6/1/4 
f 3/9/5 2/10/5 8/11/5 7/4/5 
f 2/12/6 1/7/6 5/5/6 8/13/6 
f 9/14/7 10/15/7 11/16/7 12/17/7 
f 13/18/8 14/14/8 15/15/8 16/19/8 
f 9/20/9 12/21/9 14/14/9 13/18/9 
f 12/21/10 11/22/10 15/17/10 14/14/10 
f 11/22/11 10/23/11 16/24/11 15/17/11 
f 10/25/12 9/20/12 13/18/12 16/26/12 
f 17/14/13 18/15/13 19/16/13 20/17/13 
f 21/18/14 22/14/14 23/15/14 24/19/14 
f 17/20/15 20/21/15 22/14/15 21/18/15 
f 20/21/4 19/22/4 23/17/4 22/14/4 
f 19/22/16 18/23/16 24/24/16 23/17/16 
f 18/25/6 17/20/6 21/18/6 24/26/6 
f 25/14/17 26/17/17 27/16/17 28/15/17 
f 29/18/18 30/19/18 31/15/18 32/14/18 
f 25/20/19 29/18/19 32/14/19 26/21/19 
f 26/21/20 32/14/20 31/17/20 27/22/20 
f 27/22/21 31/17/21 30/24/21 28/23/21 
f 28/25/22 30/26/22 29/18/22 25/20/22 
f 33/14/23 34/15/23 35/16/23 36/17/23 
f 37/18/24 38/14/24 39/15/24 40/19/24 
f 33/20/25 36/21/25 38/14/25 37/18/25 
f 36/21/26 35/22/26 39/17/26 38/14/26 
f 35/22/27 34/23/27 40/24/27 39/17/27 
f 34/25/5 33/20/5 37/18/5 40/26/5 
f 41/14/28 42/15/28 43/16/28 44/17/28 
f 45/18/29 46/14/29 47/15/29 48/19/29 
f 41/20/30 44/21/30 46/14/30 45/18/30 
f 44/21/31 43/22/31 47/17/31 46/14/31 
f 43/22/32 42/23/32 48/24/32 47/17/32 
f 42/25/33 41/20/33 45/18/33 48/26/33 
f 49/14/34 50/17/34 51/16/34 52/15/34 
f 53/18/35 54/19/35 55/15/35 56/14/35 
f 49/20/36 53/18/36 56/14/36 50/21/36 
f 50/21/37 56/14/37 55/17/37 51/22/37 
f 51/22/38 55/17/38 54/24/38 52/23/38 
f 52/25/6 54/26/6 53/18/6 49/20/6 
f 57/14/39 58/17/39 59/16/39 60/15/39 
f 61/18/40 62/19/40 63/15/40 64/14/40 
f 57/20/41 61/18/41 64/14/41 58/21/41 
f 58/21/10 64/14/10 63/17/10 59/22/10 
f 59/22/42 63/17/42 62/24/42 60/23/42 
f 60/25/12 62/26/12 61/18/12 57/20/12 
f 65/14/43 66/17/43 67/16/43 68/15/43 
f 69/18/44 70/19/44 71/15/44 72/14/44 
f 65/20/45 69/18/45 72/14/45 66/21/45 
f 66/21/46 72/14/46 71/17/46 67/22/46 
f 67/22/47 71/17/47 70/24/47 68/23/47 
f 68/25/48 70/26/48 69/18/48 65/20/48 
# 54 polygons

